-3.042000007629394531e+01 5.681999969482421875e+01 1.086000000000000000e+03
-3.427000045776367188e+01 -2.807999992370605469e+01 1.086000000000000000e+03
-1.801000022888183594e+01 -9.687000274658203125e+01 1.086000000000000000e+03
8.880000114440917969e+00 -1.089000015258789062e+02 1.086000000000000000e+03
3.053000068664550781e+01 -5.700999832153320312e+01 1.086000000000000000e+03
3.422000122070312500e+01 2.804000091552734375e+01 1.086000000000000000e+03
1.790999984741210938e+01 9.633000183105468750e+01 1.086000000000000000e+03
-8.819999694824218750e+00 1.082099990844726562e+02 1.086000000000000000e+03
-5.952999877929687500e+01 1.111900024414062500e+02 1.086000000000000000e+03
-6.723000335693359375e+01 -5.508000183105468750e+01 1.086000000000000000e+03
-3.538999938964843750e+01 -1.903800048828125000e+02 1.086000000000000000e+03
1.745999908447265625e+01 -2.140800018310546875e+02 1.086000000000000000e+03
5.991999816894531250e+01 -1.119100036621093750e+02 1.086000000000000000e+03
6.701000213623046875e+01 5.490999984741210938e+01 1.086000000000000000e+03
3.500000000000000000e+01 1.882799987792968750e+02 1.086000000000000000e+03
-1.723999977111816406e+01 2.114299926757812500e+02 1.086000000000000000e+03
-9.819999694824218750e+01 1.833999938964843750e+02 1.086000000000000000e+03
-1.112399978637695312e+02 -9.115000152587890625e+01 1.086000000000000000e+03
-5.870999908447265625e+01 -3.158399963378906250e+02 1.086000000000000000e+03
2.897999954223632812e+01 -3.553299865722656250e+02 1.086000000000000000e+03
9.926999664306640625e+01 -1.853899993896484375e+02 1.086000000000000000e+03
1.106500015258789062e+02 9.066000366210937500e+01 1.086000000000000000e+03
5.763999938964843750e+01 3.101099853515625000e+02 1.086000000000000000e+03
-2.838999938964843750e+01 3.480899963378906250e+02 1.086000000000000000e+03
-1.463000030517578125e+02 2.732399902343750000e+02 1.086000000000000000e+03
-1.663899993896484375e+02 -1.363300018310546875e+02 1.086000000000000000e+03
-8.809999847412109375e+01 -4.739599914550781250e+02 1.086000000000000000e+03
4.350999832153320312e+01 -5.335200195312500000e+02 1.086000000000000000e+03
1.486799926757812500e+02 -2.776799926757812500e+02 1.086000000000000000e+03
1.650700073242187500e+02 1.352599945068359375e+02 1.086000000000000000e+03
8.572000122070312500e+01 4.611700134277343750e+02 1.086000000000000000e+03
-4.218999862670898438e+01 5.173699951171875000e+02 1.086000000000000000e+03
-2.036900024414062500e+02 3.804200134277343750e+02 1.086000000000000000e+03
-2.327599945068359375e+02 -1.907200012207031250e+02 1.086000000000000000e+03
-1.237300033569335938e+02 -6.656300048828125000e+02 1.086000000000000000e+03
6.115000152587890625e+01 -7.497999877929687500e+02 1.086000000000000000e+03
2.083300018310546875e+02 -3.890799865722656250e+02 1.086000000000000000e+03
2.301900024414062500e+02 1.886100006103515625e+02 1.086000000000000000e+03
1.190899963378906250e+02 6.406799926757812500e+02 1.086000000000000000e+03
-5.858000183105468750e+01 7.182899780273437500e+02 1.086000000000000000e+03
-2.701900024414062500e+02 5.046099853515625000e+02 1.086000000000000000e+03
-3.104700012207031250e+02 -2.543800048828125000e+02 1.086000000000000000e+03
-1.658000030517578125e+02 -8.919600219726562500e+02 1.086000000000000000e+03
8.200000000000000000e+01 -1.005570007324218750e+03 1.086000000000000000e+03
2.784100036621093750e+02 -5.199699707031250000e+02 1.086000000000000000e+03
3.059100036621093750e+02 2.506499938964843750e+02 1.086000000000000000e+03
1.575700073242187500e+02 8.477100219726562500e+02 1.086000000000000000e+03
-7.744999694824218750e+01 9.496900024414062500e+02 1.086000000000000000e+03
-3.456000061035156250e+02 6.454400024414062500e+02 1.086000000000000000e+03
-3.996300048828125000e+02 -3.274400024414062500e+02 1.086000000000000000e+03
-2.145500030517578125e+02 -1.154250000000000000e+03 1.086000000000000000e+03
1.062200012207031250e+02 -1.302510009765625000e+03 1.086000000000000000e+03
3.591600036621093750e+02 -6.707800292968750000e+02 1.086000000000000000e+03
3.921099853515625000e+02 3.212799987792968750e+02 1.086000000000000000e+03
2.009799957275390625e+02 1.081219970703125000e+03 1.086000000000000000e+03
-9.869999694824218750e+01 1.210260009765625000e+03 1.086000000000000000e+03
-4.296900024414062500e+02 8.024899902343750000e+02 1.086000000000000000e+03
-5.003900146484375000e+02 -4.100000000000000000e+02 1.086000000000000000e+03
-2.702900085449218750e+02 -1.454079956054687500e+03 1.086000000000000000e+03
1.339600067138671875e+02 -1.642640014648437500e+03 1.086000000000000000e+03
4.508599853515625000e+02 -8.420300292968750000e+02 1.086000000000000000e+03
4.886700134277343750e+02 4.003999938964843750e+02 1.086000000000000000e+03
2.490899963378906250e+02 1.340050048828125000e+03 1.086000000000000000e+03
-1.222099990844726562e+02 1.498589965820312500e+03 1.086000000000000000e+03
-5.222100219726562500e+02 9.752800292968750000e+02 1.086000000000000000e+03
-6.129299926757812500e+02 -5.022099914550781250e+02 1.086000000000000000e+03
-3.333399963378906250e+02 -1.793280029296875000e+03 1.086000000000000000e+03
1.654100036621093750e+02 -2.028339965820312500e+03 1.086000000000000000e+03
5.538099975585937500e+02 -1.034310058593750000e+03 1.086000000000000000e+03
5.954400024414062500e+02 4.878800048828125000e+02 1.086000000000000000e+03
3.016799926757812500e+02 1.622969970703125000e+03 1.086000000000000000e+03
-1.478600006103515625e+02 1.813130004882812500e+03 1.086000000000000000e+03
-6.228900146484375000e+02 1.163319946289062500e+03 1.086000000000000000e+03
-7.374400024414062500e+02 -6.042299804687500000e+02 1.086000000000000000e+03
-4.041099853515625000e+02 -2.174000000000000000e+03 1.086000000000000000e+03
2.008099975585937500e+02 -2.462370117187500000e+03 1.086000000000000000e+03
6.683900146484375000e+02 -1.248300048828125000e+03 1.086000000000000000e+03
7.122600097656250000e+02 5.835999755859375000e+02 1.086000000000000000e+03
3.585000000000000000e+02 1.928640014648437500e+03 1.086000000000000000e+03
-1.755200042724609375e+02 2.152250000000000000e+03 1.086000000000000000e+03
-7.314600219726562500e+02 1.366089965820312500e+03 1.086000000000000000e+03
-8.741300048828125000e+02 -7.162299804687500000e+02 1.086000000000000000e+03
-4.830499877929687500e+02 -2.598699951171875000e+03 1.086000000000000000e+03
2.404100036621093750e+02 -2.947979980468750000e+03 1.086000000000000000e+03
7.950100097656250000e+02 -1.484780029296875000e+03 1.086000000000000000e+03
8.389699707031250000e+02 6.874199829101562500e+02 1.086000000000000000e+03
4.192900085449218750e+02 2.255679931640625000e+03 1.086000000000000000e+03
-2.050399932861328125e+02 2.514250000000000000e+03 1.086000000000000000e+03
-8.476099853515625000e+02 1.583000000000000000e+03 1.086000000000000000e+03
-1.023250000000000000e+03 -8.384099731445312500e+02 1.086000000000000000e+03
-5.707100219726562500e+02 -3.070250000000000000e+03 1.086000000000000000e+03
2.845199890136718750e+02 -3.488929931640625000e+03 1.086000000000000000e+03
9.341400146484375000e+02 -1.744609985351562500e+03 1.086000000000000000e+03
9.753900146484375000e+02 7.992000122070312500e+02 1.086000000000000000e+03
4.837900085449218750e+02 2.602649902343750000e+03 1.086000000000000000e+03
-2.362799987792968750e+02 2.897389892578125000e+03 1.086000000000000000e+03
-9.710200195312500000e+02 1.813489990234375000e+03 1.086000000000000000e+03
-1.185050048828125000e+03 -9.709799804687500000e+02 1.086000000000000000e+03
-6.676799926757812500e+02 -3.591949951171875000e+03 1.086000000000000000e+03
3.335100097656250000e+02 -4.089570068359375000e+03 1.086000000000000000e+03
1.086300048828125000e+03 -2.028790039062500000e+03 1.086000000000000000e+03
1.121339965820312500e+03 9.187800292968750000e+02 1.086000000000000000e+03
5.517199707031250000e+02 2.968080078125000000e+03 1.086000000000000000e+03
-2.691099853515625000e+02 3.299879882812500000e+03 1.086000000000000000e+03
-1.101380004882812500e+03 2.056939941406250000e+03 1.086000000000000000e+03
-1.359839965820312500e+03 -1.114199951171875000e+03 1.086000000000000000e+03
-7.746799926757812500e+02 -4.167580078125000000e+03 1.086000000000000000e+03
3.877699890136718750e+02 -4.755000000000000000e+03 1.086000000000000000e+03
1.252079956054687500e+03 -2.338409912109375000e+03 1.086000000000000000e+03
1.276609985351562500e+03 1.046000000000000000e+03 1.086000000000000000e+03
6.227999877929687500e+02 3.350489990234375000e+03 1.086000000000000000e+03
-3.033599853515625000e+02 3.719929931640625000e+03 1.086000000000000000e+03
-1.238339965820312500e+03 2.312729980468750000e+03 1.086000000000000000e+03
-1.547949951171875000e+03 -1.268329956054687500e+03 1.086000000000000000e+03
-8.925300292968750000e+02 -4.801549804687500000e+03 1.086000000000000000e+03
4.478099975585937500e+02 -5.491120117187500000e+03 1.086000000000000000e+03
1.432160034179687500e+03 -2.674709960937500000e+03 1.086000000000000000e+03
1.441000000000000000e+03 1.180699951171875000e+03 1.086000000000000000e+03
6.967600097656250000e+02 3.748360107421875000e+03 1.086000000000000000e+03
-3.389100036621093750e+02 4.155770019531250000e+03 1.086000000000000000e+03
-1.381569946289062500e+03 2.580229980468750000e+03 1.086000000000000000e+03
-1.749729980468750000e+03 -1.433660034179687500e+03 1.086000000000000000e+03
-1.022150024414062500e+03 -5.498910156250000000e+03 1.086000000000000000e+03
5.141599731445312500e+02 -6.304830078125000000e+03 1.086000000000000000e+03
1.627260009765625000e+03 -3.039090087890625000e+03 1.086000000000000000e+03
1.614300048828125000e+03 1.322699951171875000e+03 1.086000000000000000e+03
7.733200073242187500e+02 4.160229980468750000e+03 1.086000000000000000e+03
-3.755899963378906250e+02 4.605629882812500000e+03 1.086000000000000000e+03
-1.530719970703125000e+03 2.858790039062500000e+03 1.086000000000000000e+03
-1.965589965820312500e+03 -1.610530029296875000e+03 1.086000000000000000e+03
-1.164650024414062500e+03 -6.265520019531250000e+03 1.086000000000000000e+03
5.875100097656250000e+02 -7.204189941406250000e+03 1.086000000000000000e+03
1.838229980468750000e+03 -3.433100097656250000e+03 1.086000000000000000e+03
1.796300048828125000e+03 1.471819946289062500e+03 1.086000000000000000e+03
8.522000122070312500e+02 4.584620117187500000e+03 1.086000000000000000e+03
-4.132799987792968750e+02 5.067779785156250000e+03 1.086000000000000000e+03
-1.685449951171875000e+03 3.147760009765625000e+03 1.086000000000000000e+03
-2.195949951171875000e+03 -1.799280029296875000e+03 1.086000000000000000e+03
-1.321290039062500000e+03 -7.108189941406250000e+03 1.086000000000000000e+03
6.686099853515625000e+02 -8.198700195312500000e+03 1.086000000000000000e+03
2.066010009765625000e+03 -3.858489990234375000e+03 1.086000000000000000e+03
1.986770019531250000e+03 1.627880004882812500e+03 1.086000000000000000e+03
9.331500244140625000e+02 5.020080078125000000e+03 1.086000000000000000e+03
-4.518399963378906250e+02 5.540540039062500000e+03 1.086000000000000000e+03
-1.845410034179687500e+03 3.446510009765625000e+03 1.086000000000000000e+03
-2.441300048828125000e+03 -2.000310058593750000e+03 1.086000000000000000e+03
-1.493540039062500000e+03 -8.034859863281250000e+03 1.086000000000000000e+03
7.583900146484375000e+02 -9.299559570312500000e+03 1.086000000000000000e+03
2.311620117187500000e+03 -4.317209960937500000e+03 1.086000000000000000e+03
2.185489990234375000e+03 1.790699951171875000e+03 1.086000000000000000e+03
1.015890014648437500e+03 5.465229980468750000e+03 1.086000000000000000e+03
-4.911199951171875000e+02 6.022310058593750000e+03 1.086000000000000000e+03
-2.010260009765625000e+03 3.754389892578125000e+03 1.086000000000000000e+03
-2.702169921875000000e+03 -2.214050048828125000e+03 1.086000000000000000e+03
-1.683130004882812500e+03 -9.054809570312500000e+03 1.086000000000000000e+03
8.579199829101562500e+02 -1.052004980468750000e+04 1.086000000000000000e+03
2.576260009765625000e+03 -4.811450195312500000e+03 1.086000000000000000e+03
2.392229980468750000e+03 1.960099975585937500e+03 1.086000000000000000e+03
1.100189941406250000e+03 5.918709960937500000e+03 1.086000000000000000e+03
-5.310200195312500000e+02 6.511529785156250000e+03 1.086000000000000000e+03
2.492620117187500000e+03 -5.198430175781250000e+03 1.086000000000000000e+03
4.936700134277343750e+02 3.471739990234375000e+03 1.086000000000000000e+03
-2.039900024414062500e+03 -2.207209960937500000e+03 1.086000000000000000e+03
1.862750000000000000e+03 -1.086859985351562500e+03 1.086000000000000000e+03
1.248199996948242188e+02 -9.375099609375000000e+03 1.086000000000000000e+03
6.324699707031250000e+02 4.888600097656250000e+03 1.086000000000000000e+03
1.235910034179687500e+03 1.745030029296875000e+03 1.086000000000000000e+03
9.742100219726562500e+02 -9.802429687500000000e+03 1.086000000000000000e+03
4.613099975585937500e+02 1.924510009765625000e+03 1.086000000000000000e+03
-1.493219970703125000e+03 -1.671939941406250000e+03 1.086000000000000000e+03
-1.363670043945312500e+03 -2.838540039062500000e+03 1.086000000000000000e+03
1.919430053710937500e+03 -2.284899902343750000e+03 1.086000000000000000e+03
1.482319946289062500e+03 -6.228200073242187500e+02 1.086000000000000000e+03
-1.824829956054687500e+03 1.822810058593750000e+03 1.086000000000000000e+03
-1.990140014648437500e+03 2.609169921875000000e+03 1.086000000000000000e+03
-3.413299865722656250e+02 2.222780029296875000e+03 1.086000000000000000e+03
